inductance:
         4.5833-j13.75	          -1.25+j3.75	              0+j0	        -3.3333+j10	
          -1.25+j3.75	         2.6261-j8.3372	        -1.3761+j4.5872	              0+j0	
              0+j0	        -1.3761+j4.5872	         1.3761-j4.5872	              0+j0	
        -3.3333+j10	              0+j0	              0+j0	         3.3333-j10	
node_number: 4
PV_number: 1
PQ_number: 2
[1]: PQ node : p = -0.5 q = -0.15
[1]: e = 1 f = 0
[2]: PQ node : p = -0.5 q = -0.15
[2]: e = 1 f = 0
[3]: PV node : p = 0.4 r = 0.95
[3]: e = 1 f = 0
[4]: balance node : r = 1 angle = 0
[4]: e = 1 f = 0
interation:1
jacobi:
          13.75          4.5833           -3.75           -1.25               0               0 
        -4.5833           13.75            1.25           -3.75              -0               0 
          -3.75           -1.25          8.3372          2.6261         -4.5872         -1.3761 
           1.25           -3.75         -2.6261          8.3372          1.3761         -4.5872 
              0               0         -4.5872         -1.3761          4.5872          1.3761 
              0               0               0               0               0               2 
jacobi inverse:
       0.091698       -0.024906        0.096226       -0.011321        0.099623       -0.028302 
       0.024906        0.074717        0.011321        0.033962       0.0011321        0.084906 
       0.096226       -0.011321         0.35283       -0.041509         0.36528        -0.10377 
       0.011321        0.033962        0.041509         0.12453       0.0041509         0.31132 
       0.099623      -0.0011321         0.36528      -0.0041509         0.58453        -0.16038 
              0               0               0               0               0             0.5 
delta_y:
-0.5
-0.15
-0.5
-0.15
0.4
-0.0975
delta_x:
-0.04592
-0.042241
-0.060373
-0.078882
0.017788
-0.04875
max delta e:0.078882
max delta f:0.060373
voltage:
node 1 : e: 1 f: 0
node 2 : e: 1 f: 0
node 3 : e: 1 f: 0
node 4 : e: 1 f: 0
*******************************
interation:2
jacobi:
         13.109          4.5211         -3.5342         -1.3694              -0               0 
        -5.5211          12.809          1.3694         -3.5342              -0              -0 
        -3.3787         -1.3778           7.671          2.4223         -4.1422         -1.5445 
         1.3778         -3.3787         -3.4223           7.371          1.5445         -4.1422 
              0               0          -4.388         -1.2275          4.3574          1.6275 
              0               0               0               0        0.035575          1.9025 
jacobi inverse:
       0.091999       -0.024842        0.097193       -0.010705        0.096409       -0.026874 
       0.035155        0.078156        0.024003        0.037571       0.0087346        0.093817 
       0.095271      -0.0063611         0.36199       -0.044243          0.3607        -0.11101 
       0.020606        0.036647        0.075417         0.13575        0.020808         0.33899 
        0.10246       0.0039452         0.38849      -0.0063586         0.60281        -0.21412 
      -0.001916     -7.3772e-05      -0.0072645       0.0001189       -0.011272         0.52963 
delta_y:
-0.014232
-0.029296
-0.030385
-0.042019
0.020045
-0.002693
delta_x:
-0.0010801
-0.0051756
-0.0027801
-0.0098581
-0.00045085
-0.0014071
max delta e:0.0098581
max delta f:0.0027801
voltage:
node 1 : e: 0.95776 f: -0.04592
node 2 : e: 0.92112 f: -0.060373
node 3 : e: 0.95125 f: 0.017788
node 4 : e: 1 f: 0
*******************************
interation:3
jacobi:
         13.065          4.4964         -3.5134          -1.367              -0               0 
        -5.5281            12.7           1.367         -3.5134              -0              -0 
        -3.3383         -1.3759          7.6325          2.3851         -4.0932         -1.5437 
         1.3759         -3.3383         -3.4542          7.2305          1.5437         -4.0932 
              0               0         -4.3809         -1.2276          4.3147          1.6499 
              0               0               0               0        0.034674          1.8997 
jacobi inverse:
       0.092035        -0.02477        0.097379       -0.010405        0.096319       -0.026942 
       0.035713        0.078898        0.024955        0.038414       0.0091658        0.095088 
       0.095057      -0.0056672         0.36354       -0.043362         0.36129         -0.1118 
       0.021267        0.037336        0.078431         0.13836         0.02215         0.34261 
        0.10329       0.0049026         0.39419      -0.0046966         0.60915        -0.21886 
     -0.0018852     -8.9484e-05      -0.0071949      8.5724e-05       -0.011119          0.5304 
delta_y:
-4.6558e-05
-0.00018644
-0.00019876
-0.00059876
1.5366e-05
-2.1831e-06
delta_x:
-1.1253e-05
-4.44e-05
-4.3867e-05
-0.00010679
-7.1421e-05
1.5443e-07
max delta e:0.00010679
max delta f:7.1421e-05
voltage:
node 1 : e: 0.95258 f: -0.047
node 2 : e: 0.91126 f: -0.063153
node 3 : e: 0.94984 f: 0.017337
node 4 : e: 1 f: 0
*******************************
interation:4
jacobi:
         13.065          4.4963         -3.5133          -1.367              -0               0 
        -5.5281          12.699           1.367         -3.5133              -0              -0 
        -3.3378         -1.3759          7.6322          2.3849         -4.0926         -1.5438 
         1.3759         -3.3378         -3.4545          7.2287          1.5438         -4.0926 
              0               0         -4.3808         -1.2279          4.3141          1.6503 
              0               0               0               0        0.034531          1.8997 
jacobi inverse:
       0.092035       -0.024769        0.097382       -0.010401        0.096321       -0.026945 
       0.035719        0.078904        0.024968        0.038424        0.009175        0.095099 
       0.095054       -0.005658         0.36356       -0.043349          0.3613        -0.11181 
       0.021275        0.037343        0.078474         0.13839        0.022182         0.34264 
         0.1033       0.0049178         0.39426      -0.0046625         0.60924         -0.2189 
     -0.0018777     -8.9392e-05      -0.0071666      8.4751e-05       -0.011074         0.53038 
delta_y:
-2.7422e-10
-1.0149e-08
8.0505e-09
-8.6764e-08
-3.7748e-08
-5.101e-09
delta_x:
-1.5859e-09
-4.7748e-09
-6.349e-09
-1.4345e-08
-1.8381e-08
-2.3511e-09
max delta e:1.4345e-08
max delta f:1.8381e-08
voltage:
node 1 : e: 0.95254 f: -0.047011
node 2 : e: 0.91115 f: -0.063197
node 3 : e: 0.94984 f: 0.017265
node 4 : e: 1 f: 0

Final result:
node voltage:
1 node: 0.95254-j0.047011
2 node: 0.91115-j0.063197
3 node: 0.94984+j0.017265
4 node: 1+j0
node power:
1 node: -0.5-j0.15
2 node: -0.5-j0.15
3 node: 0.4-j0.05611
4 node: 0.62831-j0.3179
line power flow:
3 ----0.4-j0.070694---> 2 ---0.11097+j0.11587---> 1 ---0.61344+j0.27328---> 4
total power loss: 0.11325-j2.696