inductance:
(4.58,-13.8) (-1.25,3.75)      (0,0) (-3.33,10) 
(-1.25,3.75) (2.63,-8.34) (-1.38,4.59)      (0,0) 
     (0,0) (-1.38,4.59) (1.38,-4.59)      (0,0) 
(-3.33,10)      (0,0)      (0,0) (3.33,-10) 
node_number: 4
PV_number: 1
PQ_number: 2
[0]: p = -0.5 q = -0.15
[0]: e = 1 f = 0
[1]: p = -0.5 q = -0.15
[1]: e = 1 f = 0
[2]: p = 0.4 r = 0.95
[2]: e = 1 f = 0
[3]: r = 0 angle = 0
[3]: e = 1 f = 0
interation:1
jacobi:
 13.8  4.58 -3.75 -1.25     0     0 
-4.58  13.8  1.25 -3.75    -0     0 
-3.75 -1.25  8.34  2.63 -4.59 -1.38 
 1.25 -3.75 -2.63  8.34  1.38 -4.59 
    0     0 -4.59 -1.38  4.59  1.38 
    0     0     0     0     0     2 
jacobi inverse:
0.091698 -0.024906 0.096226 -0.011321 0.099623 -0.028302 
0.024906 0.074717 0.011321 0.033962 0.0011321 0.084906 
0.096226 -0.011321 0.35283 -0.041509 0.36528 -0.10377 
0.011321 0.033962 0.041509 0.12453 0.0041509 0.31132 
0.099623 -0.0011321 0.36528 -0.0041509 0.58453 -0.16038 
    0     0     0     0     0   0.5 
delta_y:
-0.5
-0.15
-0.5
-0.15
0.4
-0.0975
delta_x:
-0.04592
-0.042241
-0.060373
-0.078882
0.017788
-0.04875
delta e:0.078882
delta f:0.060373
voltage:
e: 1f: 0
e: 1f: 0
e: 1f: 0
e: 1f: 0
*******************************
interation:2
jacobi:
 13.1  4.52 -3.53 -1.37    -0     0 
-5.52  12.8  1.37 -3.53    -0    -0 
-3.38 -1.38  7.67  2.42 -4.14 -1.54 
 1.38 -3.38 -3.42  7.37  1.54 -4.14 
    0     0 -4.39 -1.23  4.36  1.63 
    0     0     0     0 0.0356   1.9 
jacobi inverse:
0.091999 -0.024842 0.097193 -0.010705 0.096409 -0.026874 
0.035155 0.078156 0.024003 0.037571 0.0087346 0.093817 
0.095271 -0.0063611 0.36199 -0.044243 0.3607 -0.11101 
0.020606 0.036647 0.075417 0.13575 0.020808 0.33899 
0.10246 0.0039452 0.38849 -0.0063586 0.60281 -0.21412 
-0.001916 -7.3772e-05 -0.0072645 0.0001189 -0.011272 0.52963 
delta_y:
-0.014232
-0.029296
-0.030385
-0.042019
0.020045
-0.002693
delta_x:
-0.0010801
-0.0051756
-0.0027801
-0.0098581
-0.00045085
-0.0014071
delta e:0.0098581
delta f:0.0027801
voltage:
e: 0.95776f: -0.04592
e: 0.92112f: -0.060373
e: 0.95125f: 0.017788
e: 1f: 0
*******************************
interation:3
jacobi:
 13.1   4.5 -3.51 -1.37    -0     0 
-5.53  12.7  1.37 -3.51    -0    -0 
-3.34 -1.38  7.63  2.39 -4.09 -1.54 
 1.38 -3.34 -3.45  7.23  1.54 -4.09 
    0     0 -4.38 -1.23  4.31  1.65 
    0     0     0     0 0.0347   1.9 
jacobi inverse:
0.092035 -0.02477 0.097379 -0.010405 0.096319 -0.026942 
0.035713 0.078898 0.024955 0.038414 0.0091658 0.095088 
0.095057 -0.0056672 0.36354 -0.043362 0.36129 -0.1118 
0.021267 0.037336 0.078431 0.13836 0.02215 0.34261 
0.10329 0.0049026 0.39419 -0.0046966 0.60915 -0.21886 
-0.0018852 -8.9484e-05 -0.0071949 8.5724e-05 -0.011119 0.5304 
delta_y:
-4.6558e-05
-0.00018644
-0.00019876
-0.00059876
1.5366e-05
-2.1831e-06
delta_x:
-1.1253e-05
-4.44e-05
-4.3867e-05
-0.00010679
-7.1421e-05
1.5443e-07
delta e:0.00010679
delta f:7.1421e-05
voltage:
e: 0.95258f: -0.047
e: 0.91126f: -0.063153
e: 0.94984f: 0.017337
e: 1f: 0
*******************************
interation:4
jacobi:
 13.1   4.5 -3.51 -1.37    -0     0 
-5.53  12.7  1.37 -3.51    -0    -0 
-3.34 -1.38  7.63  2.38 -4.09 -1.54 
 1.38 -3.34 -3.45  7.23  1.54 -4.09 
    0     0 -4.38 -1.23  4.31  1.65 
    0     0     0     0 0.0345   1.9 
jacobi inverse:
0.092035 -0.024769 0.097382 -0.010401 0.096321 -0.026945 
0.035719 0.078904 0.024968 0.038424 0.009175 0.095099 
0.095054 -0.005658 0.36356 -0.043349 0.3613 -0.11181 
0.021275 0.037343 0.078474 0.13839 0.022182 0.34264 
0.1033 0.0049178 0.39426 -0.0046625 0.60924 -0.2189 
-0.0018777 -8.9392e-05 -0.0071666 8.4751e-05 -0.011074 0.53038 
delta_y:
-2.7422e-10
-1.0149e-08
8.0505e-09
-8.6764e-08
-3.7748e-08
-5.101e-09
delta_x:
-1.5859e-09
-4.7748e-09
-6.349e-09
-1.4345e-08
-1.8381e-08
-2.3511e-09
delta e:1.4345e-08
delta f:1.8381e-08
voltage:
e: 0.95254f: -0.047011
e: 0.91115f: -0.063197
e: 0.94984f: 0.017265
e: 1f: 0
node_voltage:
1 node: (0.95254,-0.047011)
2 node: (0.91115,-0.063197)
3 node: (0.94984,0.017265)
4 node: (1,0)
node_power:
1 node: (-0.5,-0.15)
2 node: (-0.5,-0.15)
3 node: (0.4,0)
4 node: (0.62831,-0.3179)
line loss:
3----(-0.4,-0.070694)---2----(0.11097,0.11587)---1----(0.61344,0.27328)---4
